model: ecg_classifier
accuracy: 0.9582417607307434
auc: 0.5259009599685669
precision: 0.0
recall: 0.0
f1_score: 0.0
confusion_matrix: [[436, 8], [11, 0]]
----
