model: emnist_classifier
accuracy: 0.8962838053703308
precision: 0.663964644667594
recall: 0.6562019230769232
f1_score: 0.6592111747506048
confusion_matrix: [[736, 3, 4, 7, 1, 1, 3, 4, 0, 1, 0, 1, 1, 6, 8, 5, 7, 1, 0, 1, 4, 0, 1, 1, 0, 4], [4, 742, 1, 5, 3, 0, 4, 15, 0, 2, 0, 6, 1, 2, 7, 1, 1, 2, 1, 0, 0, 0, 0, 0, 0, 3], [0, 1, 751, 2, 25, 0, 0, 0, 1, 0, 0, 6, 0, 0, 3, 0, 2, 5, 0, 1, 2, 0, 1, 0, 0, 0], [3, 6, 0, 731, 0, 0, 2, 2, 0, 3, 0, 0, 0, 3, 39, 5, 2, 1, 0, 0, 1, 0, 0, 0, 1, 1], [3, 3, 16, 0, 758, 2, 1, 0, 1, 1, 0, 4, 0, 0, 1, 2, 1, 1, 2, 0, 1, 0, 0, 0, 0, 3], [0, 0, 0, 1, 4, 731, 2, 0, 2, 1, 0, 0, 0, 0, 0, 25, 5, 3, 3, 22, 0, 0, 0, 0, 0, 1], [30, 16, 14, 1, 5, 7, 555, 2, 0, 6, 0, 0, 0, 2, 0, 1, 145, 0, 11, 0, 1, 0, 0, 1, 3, 0], [7, 6, 0, 2, 0, 0, 0, 735, 1, 0, 5, 11, 8, 17, 0, 1, 0, 0, 0, 1, 3, 0, 2, 1, 0, 0], [0, 0, 1, 2, 1, 1, 1, 0, 570, 8, 1, 205, 0, 0, 0, 0, 0, 1, 3, 1, 0, 1, 1, 0, 0, 3], [0, 3, 0, 5, 1, 0, 3, 0, 30, 737, 0, 5, 0, 0, 0, 0, 2, 0, 4, 8, 0, 1, 0, 0, 1, 0], [2, 4, 1, 2, 1, 2, 0, 20, 0, 1, 729, 8, 4, 2, 0, 0, 0, 4, 0, 4, 0, 1, 0, 12, 1, 2], [0, 0, 5, 0, 1, 0, 0, 5, 136, 1, 0, 644, 0, 0, 1, 0, 2, 2, 0, 0, 0, 0, 0, 0, 3, 0], [3, 0, 0, 0, 0, 0, 0, 4, 0, 0, 1, 0, 770, 12, 0, 0, 0, 2, 0, 1, 2, 0, 3, 1, 1, 0], [8, 0, 0, 4, 0, 0, 0, 13, 0, 1, 5, 1, 14, 735, 0, 1, 0, 5, 0, 0, 2, 3, 6, 1, 1, 0], [2, 1, 2, 12, 0, 0, 0, 0, 0, 0, 0, 0, 0, 1, 774, 1, 2, 0, 0, 0, 3, 1, 1, 0, 0, 0], [1, 1, 0, 4, 1, 9, 1, 0, 0, 0, 0, 0, 1, 2, 0, 774, 3, 1, 0, 1, 0, 0, 0, 0, 1, 0], [40, 1, 3, 4, 3, 6, 36, 0, 2, 1, 1, 1, 0, 2, 11, 3, 673, 1, 2, 3, 3, 0, 0, 0, 3, 1], [14, 1, 1, 1, 5, 3, 0, 0, 1, 0, 2, 2, 0, 2, 0, 6, 0, 736, 2, 7, 0, 10, 0, 3, 3, 1], [1, 0, 0, 0, 0, 0, 6, 1, 1, 6, 0, 0, 0, 0, 0, 0, 0, 0, 384, 0, 0, 0, 0, 0, 0, 1], [0, 0, 0, 0, 0, 0, 0, 0, 0, 0, 0, 0, 0, 0, 0, 0, 0, 0, 0, 0, 0, 0, 0, 0, 0, 0], [0, 0, 0, 0, 0, 0, 0, 0, 0, 0, 0, 0, 0, 0, 0, 0, 0, 0, 0, 0, 0, 0, 0, 0, 0, 0], [0, 0, 0, 0, 0, 0, 0, 0, 0, 0, 0, 0, 0, 0, 0, 0, 0, 0, 0, 0, 0, 0, 0, 0, 0, 0], [0, 0, 0, 0, 0, 0, 0, 0, 0, 0, 0, 0, 0, 0, 0, 0, 0, 0, 0, 0, 0, 0, 0, 0, 0, 0], [0, 0, 0, 0, 0, 0, 0, 0, 0, 0, 0, 0, 0, 0, 0, 0, 0, 0, 0, 0, 0, 0, 0, 0, 0, 0], [0, 0, 0, 0, 0, 0, 0, 0, 0, 0, 0, 0, 0, 0, 0, 0, 0, 0, 0, 0, 0, 0, 0, 0, 0, 0], [0, 0, 0, 0, 0, 0, 0, 0, 0, 0, 0, 0, 0, 0, 0, 0, 0, 0, 0, 0, 0, 0, 0, 0, 0, 0]]
----
